'score': 291.10000000000002, 
'avg_length': 291.10000000000002, 
'avg_obs_violations': 0.0, 
'avg_bound_violations': 0.0, 
'success_rate': 0.78